H0_jet 3 0.75 0.32 0.630325292943
H0_tag 3 2.64 0.15 0.997447768079
H1_jet 3 3.70 0.91 0.866454605167
H1_tag 3 3.05 0.29 0.979263403662
H2_jet 3 1.21 0.54 0.861951813532
H2_tag 3 3.00 0.24 0.788113049499
H3_jet 3 1.37 0.46 0.84357670253
H3_tag 3 2.14 0.22 0.893285098078
H4_jet 3 1.95 0.57 0.857259230099
H4_tag 3 2.68 0.23 0.959148325425
R1_jet 3 1.35 0.56 0.923035389183
R1_tag 3 2.84 0.14 0.999999808258
R2_jet 3 1.27 0.35 0.999647719883
R2_tag 3 2.46 0.14 0.997702845073
R3_jet 3 0.92 0.40 0.743980029634
R3_tag 3 4.92 0.25 0.997448591604
R4_jet 3 1.06 0.36 0.352138819043
R4_tag 3 3.78 0.12 0.999999999996
avgDeltaRJetJet 3 0.83 0.16 0.995624042498
avgDeltaRJetTag 3 4.19 0.26 0.510834973987
avgDeltaRTagTag 3 2.13 0.08 0.840239792833
btagDiscriminatorAverage_tagged 3 2.46 0.37 0.772137826115
btagDiscriminatorAverage_untagged 3 2.64 0.41 0.387661739113
centrality_tags 3 3.08 0.45 0.725561961035
circularity_jet 3 2.25 0.69 0.598863364929
fatjet_ECFbeta1N2_SD 2 1.94 0.70 0.531351185802
fatjet_ECFbeta2N2_SD 0 1.95 0.69 0.602052446197
fatjet_M 3 4.93 0.54 0.690012108912
fatjet_Msubjets_cor 3 4.26 0.46 0.643466000163
fatjet_btagCSVv2 3 0.30 0.22 0.999999999827
fatjet_btagDeepCSV 1 1.07 0.65 0.874121183048
fatjet_btagHBB 3 0.53 0.37 0.999999353081
fatjet_eta 1 0.95 0.62 0.944530554757
fatjet_phi 0 0.63 0.34 0.981415557192
fatjet_pt 3 1.84 0.18 1.0
fatjet_subjet_M_1 3 1.55 0.02 1.0
fatjet_subjet_M_2 2 1.49 0.00 1.0
fatjet_subjet_btagDeepCSV_1 1 0.65 0.23 0.999999999984
fatjet_subjet_btagDeepCSV_2 0 4.47 1.29 0.21399966145
fatjet_subjet_eta_1 1 1.90 1.21 0.629457848211
fatjet_subjet_eta_2 1 0.63 0.41 0.99813011296
fatjet_subjet_phi_1 0 0.39 0.22 0.997349821892
fatjet_subjet_phi_2 0 0.08 0.05 1.0
fatjet_subjet_pt_1 3 1.29 0.61 0.997786626946
fatjet_subjet_pt_2 2 1.64 0.04 0.999999985989
fatjet_subjets_DR 0 4.96 0.73 0.168769405564
fatjet_subjets_Deta 0 0.37 0.05 0.999985685167
fatjet_subjets_Dpt_norm 0 0.10 0.03 1.0
fatjet_tau21 3 0.93 0.56 0.900722363626
higgsLikeDijetMass2 3 2.48 0.25 0.707436055479
isotropy_jet 3 2.05 0.52 0.828746043756
isotropy_tag 3 2.05 0.10 1.0
mass_jet_jet_min_deltaR 3 2.15 0.41 0.971415388214
mass_jet_tag_min_deltaR 3 2.94 0.29 0.964264635181
mass_tag_tag_max_mass 3 2.49 0.13 0.642579246656
mass_tag_tag_min_deltaR 3 1.76 0.06 0.947363887446
maxDeltaEta_jet_jet 3 1.74 0.49 0.988003003439
maxDeltaEta_tag_tag 3 2.42 0.16 0.307925077251
median_mass_jet_jet 3 2.44 0.44 0.442069965442
minDeltaRJetJet 3 3.20 0.32 0.856164678532
minDeltaRTagTag 3 2.41 0.12 0.821196808596
numberOfHiggsLikeDijet15 3 0.94 0.07 1.0
pT_jet_jet_min_deltaR 3 3.39 0.43 0.264935316288
pT_jet_tag_min_deltaR 3 1.40 0.15 0.999982622394
pT_tag_tag_min_deltaR 3 2.58 0.17 0.940018378662
ptSumJetsLeptons 3 1.21 0.35 0.96549915052
sumJetPt 3 2.28 0.56 0.838402218837
sumTagPt 3 1.62 0.18 0.839915921543
transSphericity_jet 3 2.23 0.32 0.99257191012
twist_jet_jet_max_mass 3 4.75 0.70 0.758328233994
