H0_jet 1 2.46 1.32 0.00523048866427
H0_tag 3 1.98 0.88 0.922583564907
H1_jet 3 1.95 1.64 0.000497877781464
H1_tag 3 1.00 0.77 0.812168569104
H2_jet 3 2.13 1.66 0.0109477874381
H2_tag 3 1.49 1.19 0.613712934343
H3_jet 3 2.24 1.91 0.00348782813592
H3_tag 3 1.15 0.93 0.922623761168
H4_jet 3 1.97 1.66 0.000421318456008
H4_tag 3 0.64 0.37 0.898972812034
R1_jet 3 1.97 1.38 0.000345178295489
R1_tag 3 3.63 1.94 3.63212833574e-08
R2_jet 3 1.90 1.11 0.0353361788479
R2_tag 3 5.37 2.27 2.212293053e-08
R3_jet 2 2.74 1.56 0.00893261536386
R3_tag 3 4.56 2.19 3.08787236711e-08
R4_jet 3 2.66 1.78 0.000947489737175
R4_tag 3 3.67 1.91 2.6366752456e-08
avgDeltaRJetJet 3 1.65 1.02 0.0208937272279
avgDeltaRJetTag 3 1.03 0.61 0.450719823972
avgDeltaRTagTag 3 1.18 0.61 0.740175295377
btagDiscriminatorAverage_tagged 1 5.31 2.71 1.51014467204e-10
btagDiscriminatorAverage_untagged 0 1.56 0.69 0.437246311141
centrality_tags 1 1.84 1.32 0.0102107764107
circularity_jet 2 2.36 1.57 0.000645950064518
fatjet_ECFbeta1N2_SD 3 3.83 2.06 0.0133228130991
fatjet_ECFbeta2N2_SD 0 2.40 1.11 0.136237728706
fatjet_M 1 1.72 0.94 0.842466996924
fatjet_Msubjets_cor 1 4.00 2.29 0.0177697079884
fatjet_btagCSVv2 0 3.68 2.96 0.0316734132301
fatjet_btagDeepCSV 1 4.28 3.15 0.00886770859672
fatjet_btagHBB 0 8.61 7.06 1.18219975388e-08
fatjet_eta 0 3.57 2.73 0.0110143920051
fatjet_phi 0 0.86 0.69 0.349497085432
fatjet_pt 3 2.42 1.11 0.242880147696
fatjet_subjet_M_1 3 1.97 0.78 0.999405511453
fatjet_subjet_M_2 3 1.17 0.19 0.999999839835
fatjet_subjet_btagDeepCSV_1 0 5.78 1.91 0.0187026297569
fatjet_subjet_btagDeepCSV_2 1 2.74 0.92 0.999664952054
fatjet_subjet_eta_1 0 3.21 2.50 0.00993407905978
fatjet_subjet_eta_2 0 2.34 1.86 0.0121311763579
fatjet_subjet_phi_1 0 0.88 0.71 0.420330459353
fatjet_subjet_phi_2 0 0.58 0.47 0.587435794002
fatjet_subjet_pt_1 1 3.08 1.08 0.735689990778
fatjet_subjet_pt_2 3 1.02 0.25 0.997248025266
fatjet_subjets_DR 0 0.63 0.15 0.977764007856
fatjet_subjets_Deta 0 1.90 0.44 0.743498358045
fatjet_subjets_Dpt_norm 0 0.36 0.12 0.998564571188
fatjet_tau21 1 3.16 2.01 0.0055672436473
higgsLikeDijetMass2 1 1.06 0.76 0.945518560265
isotropy_jet 3 2.20 1.61 0.00121747370375
isotropy_tag 3 1.23 0.45 0.613568878795
mass_jet_jet_min_deltaR 3 1.58 0.94 0.846158811074
mass_jet_tag_min_deltaR 3 1.41 0.77 0.93213617691
mass_tag_tag_max_mass 3 1.34 0.55 0.73911558468
mass_tag_tag_min_deltaR 3 1.60 0.51 0.906488188232
maxDeltaEta_jet_jet 1 1.28 0.98 0.176223888279
maxDeltaEta_tag_tag 3 0.74 0.54 0.732846038144
median_mass_jet_jet 3 1.05 0.95 0.0971788983281
minDeltaRJetJet 3 1.66 1.03 0.0806906247503
minDeltaRTagTag 3 1.25 0.67 0.962003537317
numberOfHiggsLikeDijet15 3 2.22 0.52 0.567723815039
pT_jet_jet_min_deltaR 3 1.32 1.02 0.194897481355
pT_jet_tag_min_deltaR 3 1.24 0.56 0.902139390819
pT_tag_tag_min_deltaR 3 1.36 0.36 0.97330499433
ptSumJetsLeptons 3 1.77 0.99 0.440102367045
sumJetPt 3 1.05 0.64 0.462962778538
sumTagPt 3 2.08 1.43 5.5552018832e-06
transSphericity_jet 1 1.42 1.22 0.000552519128004
twist_jet_jet_max_mass 0 0.63 0.56 0.999879541971
