H0_jet 1 0.42 0.21 0.981561860814
H0_tag 3 1.70 0.30 0.819378963238
H1_jet 3 1.01 0.71 0.916718811487
H1_tag 3 1.81 0.47 0.684351692434
H2_jet 3 0.85 0.50 0.999567011124
H2_tag 3 0.94 0.39 0.651445431109
H3_jet 3 0.65 0.46 0.819914189019
H3_tag 3 2.02 0.37 0.590338771106
H4_jet 3 1.39 0.99 0.997160244239
H4_tag 3 1.04 0.36 0.765766769193
R1_jet 3 1.13 0.60 0.957914064357
R1_tag 3 1.20 0.60 0.146094163147
R2_jet 3 1.51 0.64 0.78025294819
R2_tag 3 1.81 0.63 0.15302813223
R3_jet 3 1.07 0.59 0.352195652388
R3_tag 3 2.15 0.84 0.153048579984
R4_jet 3 0.73 0.40 0.688424879782
R4_tag 3 0.90 0.46 0.15302813223
avgDeltaRJetJet 3 0.60 0.29 0.999841256009
avgDeltaRJetTag 3 0.94 0.48 0.997270341684
avgDeltaRTagTag 3 2.99 0.46 0.791102575586
btagDiscriminatorAverage_tagged 1 0.90 0.43 0.679598106966
btagDiscriminatorAverage_untagged 3 0.69 0.29 0.977815926547
centrality_tags 1 2.30 0.69 0.0981377696834
circularity_jet 3 0.74 0.51 0.999186867468
fatjet_ECFbeta1N2_SD 3 2.03 1.05 0.0602303390078
fatjet_ECFbeta2N2_SD 1 1.84 0.89 0.0402772831563
fatjet_M 3 0.95 0.58 0.999995334288
fatjet_Msubjets_cor 3 1.69 0.96 0.466316960306
fatjet_btagCSVv2 0 7.59 5.65 0.0242443222317
fatjet_btagDeepCSV 0 2.13 1.67 0.121422290308
fatjet_btagHBB 0 1.54 1.19 0.925673935724
fatjet_eta 1 0.63 0.50 0.831729625889
fatjet_phi 0 1.05 0.79 0.756172211815
fatjet_pt 3 0.83 0.29 0.999268661769
fatjet_subjet_M_1 3 1.53 0.42 0.939842885507
fatjet_subjet_M_2 3 1.14 0.01 1.0
fatjet_subjet_btagDeepCSV_1 1 3.01 1.45 0.0584720629433
fatjet_subjet_btagDeepCSV_2 0 5.12 1.69 0.106679289501
fatjet_subjet_eta_1 1 1.01 0.80 0.616695179829
fatjet_subjet_eta_2 1 1.42 1.16 0.649227818403
fatjet_subjet_phi_1 0 0.63 0.48 0.99952795253
fatjet_subjet_phi_2 0 0.43 0.33 0.924585134965
fatjet_subjet_pt_1 3 2.31 0.97 0.846485384567
fatjet_subjet_pt_2 3 1.91 0.15 0.999920554376
fatjet_subjets_DR 2 0.86 0.18 0.866519513775
fatjet_subjets_Deta 0 0.62 0.14 0.999515487542
fatjet_subjets_Dpt_norm 0 1.18 0.36 0.539853936995
fatjet_tau21 3 1.86 1.24 0.0250454003695
higgsLikeDijetMass2 3 1.03 0.60 0.945471378752
isotropy_jet 3 0.86 0.54 0.999181982177
isotropy_tag 3 1.94 0.84 0.163008318635
mass_jet_jet_min_deltaR 3 1.48 0.41 0.200752751701
mass_jet_tag_min_deltaR 3 1.84 0.41 0.784089136972
mass_tag_tag_max_mass 3 1.84 0.45 0.309830915973
mass_tag_tag_min_deltaR 3 1.08 0.20 0.872908917258
maxDeltaEta_jet_jet 3 1.14 0.76 0.205073578441
maxDeltaEta_tag_tag 3 1.98 0.45 0.893283060562
median_mass_jet_jet 3 1.93 0.42 0.438601454368
minDeltaRJetJet 3 0.98 0.44 0.964023878875
minDeltaRTagTag 3 1.26 0.23 0.997853108341
numberOfHiggsLikeDijet15 3 1.10 0.25 0.999999732524
pT_jet_jet_min_deltaR 3 2.85 1.38 0.180224322257
pT_jet_tag_min_deltaR 3 1.27 0.41 0.850843796658
pT_tag_tag_min_deltaR 3 2.23 0.53 0.956819392444
ptSumJetsLeptons 3 0.70 0.46 0.962321631839
sumJetPt 3 0.98 0.50 0.302178827853
sumTagPt 3 2.09 0.69 0.796009670203
transSphericity_jet 3 0.76 0.37 0.983653027346
twist_jet_jet_max_mass 0 1.18 0.91 0.784327762228
