H0_jet 3 1.18 0.864683684395
H0_tag 3 1.45 0.0728470402104
H1_jet 3 1.97 0.854530957363
H1_tag 3 3.76 0.00973094037532
H2_jet 3 2.61 0.338122281194
H2_tag 3 1.39 0.917104946599
H3_jet 3 3.02 0.592758290302
H3_tag 3 1.22 0.334671375757
H4_jet 3 2.62 0.174739966639
H4_tag 3 1.61 0.61104723213
R1_jet 3 0.93 0.80191421901
R1_tag 3 1.66 0.480585715222
R2_jet 3 0.70 0.541490225009
R2_tag 3 1.35 0.0544897759073
R3_jet 3 1.80 0.443552502297
R3_tag 3 2.20 0.344741520221
R4_jet 3 1.49 0.503930933844
R4_tag 3 1.31 0.128908272565
avgDeltaRJetJet 3 1.79 0.481051943589
avgDeltaRJetTag 3 2.90 0.349960939908
avgDeltaRTagTag 3 2.13 0.475317421323
btagDiscriminatorAverage_tagged 3 1.02 0.906075326859
btagDiscriminatorAverage_untagged 3 1.44 0.94432999004
centrality_tags 3 1.82 0.00984190046108
circularity_jet 3 2.06 0.402464590796
higgsLikeDijetMass2 3 2.90 0.962499759684
isotropy_jet 3 1.92 0.798907341243
isotropy_tag 3 0.76 0.979622353351
mass_jet_jet_min_deltaR 3 0.35 1.0
mass_jet_tag_min_deltaR 3 0.50 1.0
mass_tag_tag_max_mass 3 1.97 0.955868148661
mass_tag_tag_min_deltaR 3 1.38 0.999951845156
maxDeltaEta_jet_jet 3 1.21 0.717292964323
maxDeltaEta_tag_tag 3 1.87 0.753951506111
median_mass_jet_jet 3 1.86 0.445797621051
minDeltaRJetJet 3 1.69 0.886537620923
minDeltaRTagTag 3 0.90 0.572939754721
numberOfHiggsLikeDijet15 3 0.76 0.951974449185
pT_jet_jet_min_deltaR 3 1.37 0.999999999996
pT_jet_tag_min_deltaR 3 1.61 0.81757476299
pT_tag_tag_min_deltaR 3 2.70 0.675700234006
ptSumJetsLeptons 3 1.05 0.954391959589
sumJetPt 3 1.26 0.886272837884
sumTagPt 3 2.14 0.978684481441
transSphericity_jet 3 1.61 0.0721203517129
twist_jet_jet_max_mass 1 1.01 0.894872623613
