H0_jet 3 1.79 0.820334068428
H0_tag 3 1.23 0.969555945992
H1_jet 3 1.19 0.209454887188
H1_tag 3 1.47 0.458148977625
H2_jet 3 2.26 0.274600928912
H2_tag 3 1.74 0.371810448923
H3_jet 3 1.01 0.438164672739
H3_tag 3 1.36 0.949997996709
H4_jet 3 1.78 0.293475631741
H4_tag 3 1.45 0.0774930294003
R1_jet 0 1.56 0.256704774891
R1_tag 0 1.56 0.256704774891
R2_jet 1 0.96 0.873476345891
R2_tag 1 0.96 0.873476345891
R3_jet 2 1.48 0.867622288702
R3_tag 2 1.48 0.867622288702
R4_jet 1 2.01 0.157065011042
R4_tag 1 2.01 0.157065011042
avgDeltaRJetJet 3 1.51 0.285151943676
avgDeltaRJetTag 3 1.51 0.285151943676
avgDeltaRTagTag 3 1.51 0.285151943676
btagDiscriminatorAverage_tagged 3 0.88 0.980749321724
btagDiscriminatorAverage_untagged 0 NaN 1.0
centrality_tags 1 0.69 0.738367109603
circularity_jet 1 1.13 0.322079070223
higgsLikeDijetMass2 3 1.27 0.0779508230765
isotropy_jet 2 1.09 0.295691221031
isotropy_tag 2 1.09 0.295691221031
mass_jet_jet_min_deltaR 3 1.28 0.602487321408
mass_jet_tag_min_deltaR 3 1.28 0.602487321408
mass_tag_tag_max_mass 3 1.39 0.124589093378
mass_tag_tag_min_deltaR 3 1.39 0.743155047141
maxDeltaEta_jet_jet 3 0.84 0.935122707348
maxDeltaEta_tag_tag 3 0.84 0.935122707348
median_mass_jet_jet 3 1.42 0.0672826153015
minDeltaRJetJet 3 1.34 0.797459014857
minDeltaRTagTag 3 1.34 0.797459014857
numberOfHiggsLikeDijet15 1 1.38 0.63394199511
pT_jet_jet_min_deltaR 3 1.06 0.57337301023
pT_jet_tag_min_deltaR 3 1.37 0.569874521827
pT_tag_tag_min_deltaR 3 1.37 0.569874521827
ptSumJetsLeptons 3 1.38 0.16773701517
sumJetPt 3 1.54 0.103580184649
sumTagPt 3 2.32 0.0119584381216
transSphericity_jet 1 2.06 0.78782468279
twist_jet_jet_max_mass 0 1.97 0.538951345033
