H0_jet 2 1.43 0.513830472576
H0_tag 1 1.53 0.976949440179
H1_jet 3 1.11 0.111443368444
H1_tag 3 1.28 0.0428612814183
H2_jet 1 0.70 0.810801277117
H2_tag 3 0.72 0.805533144469
H3_jet 1 0.44 0.999761140192
H3_tag 3 1.12 0.974110646498
H4_jet 1 0.87 0.595942690462
H4_tag 3 1.14 0.982748992082
R1_jet 0 3.21 0.00122400185652
R1_tag 0 1.19 0.064633047096
R2_jet 0 1.50 0.38444904443
R2_tag 0 1.04 0.491269520997
R3_jet 0 0.71 0.74023393844
R3_tag 0 0.87 0.916062090307
R4_jet 0 1.67 0.736671406847
R4_tag 0 0.86 0.993262024116
avgDeltaRJetJet 2 2.06 0.02617617662
avgDeltaRJetTag 2 2.06 0.02617617662
avgDeltaRTagTag 3 1.74 0.145223199869
btagDiscriminatorAverage_tagged 1 4.32 7.83640718307e-06
btagDiscriminatorAverage_untagged 0 19.51 8.80046835935e-32
centrality_tags 0 0.64 0.823260287912
circularity_jet 3 0.50 0.999873011927
higgsLikeDijetMass2 0 2.59 0.00496232859341
isotropy_jet 2 1.24 0.998181128254
isotropy_tag 0 1.37 0.719924131443
mass_jet_jet_min_deltaR 3 1.90 0.0654131393085
mass_jet_tag_min_deltaR 3 1.90 0.0654131393085
mass_tag_tag_max_mass 1 1.83 0.000227789363318
mass_tag_tag_min_deltaR 3 2.02 0.00020435593345
maxDeltaEta_jet_jet 0 1.30 0.00281961971451
maxDeltaEta_tag_tag 3 2.29 0.000404848675007
median_mass_jet_jet 1 3.02 1.46499280367e-09
minDeltaRJetJet 3 2.47 0.474141334249
minDeltaRTagTag 3 1.82 0.145223199869
numberOfHiggsLikeDijet15 0 3.17 0.0299736148473
pT_jet_jet_min_deltaR 3 2.56 0.000264366028427
pT_jet_tag_min_deltaR 3 2.82 0.00978868576263
pT_tag_tag_min_deltaR 3 3.00 0.000194572810893
ptSumJetsLeptons 3 1.78 0.566488254831
sumJetPt 3 3.25 1.91011672725e-05
sumTagPt 3 2.24 0.000138026715377
transSphericity_jet 0 1.48 0.447461899462
twist_jet_jet_max_mass 0 1.86 0.162789998081
