H0_jet 3 4.94 0.00109643633614
H0_tag 1 5.25 0.00022515833106
H1_jet 1 3.73 5.70655829099e-08
H1_tag 2 1.57 0.000326089434224
H2_jet 3 1.88 0.102909280603
H2_tag 2 1.75 0.0634594672195
H3_jet 3 3.70 2.20782272921e-05
H3_tag 2 1.98 0.0330587785585
H4_jet 3 2.80 0.0141267671312
H4_tag 3 1.53 0.00814984990788
R1_jet 3 4.04 2.69682552187e-08
R1_tag 0 1.72 0.0195045470425
R2_jet 3 0.70 0.957449750517
R2_tag 0 0.74 0.957314319224
R3_jet 1 2.97 7.60242066223e-05
R3_tag 0 1.41 0.22217845179
R4_jet 3 1.72 0.136240869979
R4_tag 0 1.87 0.0448328525557
avgDeltaRJetJet 3 1.81 0.32578797308
avgDeltaRJetTag 3 1.20 0.347437306626
avgDeltaRTagTag 3 0.89 0.322393271714
btagDiscriminatorAverage_tagged 1 1.85 0.0576692555
btagDiscriminatorAverage_untagged 1 33.31 0.0
centrality_tags 1 3.60 3.75384712678e-09
circularity_jet 2 0.97 0.0534742954221
higgsLikeDijetMass2 1 1.48 0.755230851711
isotropy_jet 3 1.44 0.0374220903255
isotropy_tag 1 0.52 0.958071937142
mass_jet_jet_min_deltaR 3 4.03 3.4544102068e-07
mass_jet_tag_min_deltaR 3 2.79 0.0497725384718
mass_tag_tag_max_mass 1 1.69 0.107032397471
mass_tag_tag_min_deltaR 1 2.33 0.113461513771
maxDeltaEta_jet_jet 3 0.92 0.243162744815
maxDeltaEta_tag_tag 1 1.07 0.151886854529
median_mass_jet_jet 3 4.21 0.000241786862136
minDeltaRJetJet 3 10.08 3.84909479411e-17
minDeltaRTagTag 3 0.71 0.434321671018
numberOfHiggsLikeDijet15 2 2.16 0.3191783772
pT_jet_jet_min_deltaR 3 4.05 0.998247989455
pT_jet_tag_min_deltaR 3 1.98 0.994117001307
pT_tag_tag_min_deltaR 3 4.05 0.00100232827444
ptSumJetsLeptons 3 4.12 0.0252025921941
sumJetPt 3 3.58 0.0137707109819
sumTagPt 1 1.98 6.3507335624e-05
transSphericity_jet 0 1.86 0.11731241771
twist_jet_jet_max_mass 0 1.55 0.0385532748585
