H0_jet 3 0.97 0.505944586889
H0_tag 3 1.50 0.689578998083
H1_jet 3 0.87 0.676726480705
H1_tag 3 0.81 0.994524222204
H2_jet 3 0.73 0.505120251149
H2_tag 3 1.59 0.436054660828
H3_jet 3 1.45 0.366771110754
H3_tag 3 1.09 0.826997966032
H4_jet 3 1.25 0.611261239199
H4_tag 3 1.48 0.719213836862
R1_jet 3 0.99 0.974402030431
R1_tag 0 0.88 0.29371543424
R2_jet 3 0.50 0.761963708746
R2_tag 0 1.76 0.300195077365
R3_jet 3 2.54 0.0750522416758
R3_tag 1 1.01 0.940042340071
R4_jet 3 0.92 0.86313157593
R4_tag 1 0.68 0.92602188012
avgDeltaRJetJet 3 0.54 0.666566155623
avgDeltaRJetTag 3 0.84 0.717413759908
avgDeltaRTagTag 3 1.83 0.561840680918
btagDiscriminatorAverage_tagged 1 0.82 0.987663940151
btagDiscriminatorAverage_untagged 0 2.48 0.000435479220511
centrality_tags 3 1.33 0.041357237995
circularity_jet 3 1.36 0.142911016658
higgsLikeDijetMass2 3 2.31 0.0107220998641
isotropy_jet 3 1.16 0.160211655394
isotropy_tag 1 0.85 0.143649926929
mass_jet_jet_min_deltaR 3 1.52 0.349639500626
mass_jet_tag_min_deltaR 3 1.67 0.311063356523
mass_tag_tag_max_mass 1 1.84 0.251741949068
mass_tag_tag_min_deltaR 3 1.17 0.86497711932
maxDeltaEta_jet_jet 3 1.02 0.685846955878
maxDeltaEta_tag_tag 3 1.32 0.0311299378775
median_mass_jet_jet 3 2.45 0.000553185468445
minDeltaRJetJet 3 1.30 0.408959307631
minDeltaRTagTag 1 0.90 0.589160293006
numberOfHiggsLikeDijet15 3 1.75 0.44822271623
pT_jet_jet_min_deltaR 3 1.85 0.133446055506
pT_jet_tag_min_deltaR 3 3.26 0.297062624734
pT_tag_tag_min_deltaR 3 2.24 0.846398879862
ptSumJetsLeptons 3 3.97 0.164678446722
sumJetPt 3 2.40 0.880903044451
sumTagPt 1 2.41 0.931661524737
transSphericity_jet 1 0.59 0.842427663768
twist_jet_jet_max_mass 0 1.45 0.168398221524
